#Ascii Scene
#Version 92
#Generator osgexport 0.13.0

osg::Group {
  UniqueID 881
  Name "Root"
  Children 2 {
    osgAnimation::Skeleton {
      UniqueID 646
      Name "Armature"
      UpdateCallback TRUE {
        osgAnimation::UpdateSkeleton {
          UniqueID 647
        }
      }
      Children 3 {
        osgAnimation::Bone {
          UniqueID 648
          Name "Bone"
          DataVariance DYNAMIC
          UpdateCallback TRUE {
            osgAnimation::UpdateBone {
              UniqueID 649
              Name "Bone"
              StackedTransforms 4 {
                osgAnimation::StackedMatrixElement {
                  UniqueID 650
                  Name "bindmatrix"
                  Matrix {
                    1.00000 0.00000 0.00000 0.00000
                    0.00000 -0.98360 0.18039 0.00000
                    0.00000 -0.18039 -0.98360 0.00000
                    -0.00000 2.44783 2.83923 1.00000
                  }
                }
                osgAnimation::StackedTranslateElement {
                  UniqueID 651
                  Name "translate"
                  Translate 0.00000 0.00000 0.00000
                }
                osgAnimation::StackedQuaternionElement {
                  UniqueID 652
                  Name "quaternion"
                  Quaternion 0.00000 0.00000 0.00000 1.00000
                }
                osgAnimation::StackedScaleElement {
                  UniqueID 653
                  Name "scale"
                  Scale 1.00000 1.00000 1.00000
                }
              }
            }
          }
          Children 3 {
            osgAnimation::Bone {
              UniqueID 654
              Name "Bone.005"
              DataVariance DYNAMIC
              UpdateCallback TRUE {
                osgAnimation::UpdateBone {
                  UniqueID 655
                  Name "Bone.005"
                  StackedTransforms 4 {
                    osgAnimation::StackedMatrixElement {
                      UniqueID 656
                      Name "bindmatrix"
                      Matrix {
                        1.00000 0.00000 0.00000 0.00000
                        -0.00000 0.97224 0.23398 0.00000
                        -0.00000 -0.23398 0.97224 0.00000
                        -0.00000 0.78715 0.00000 1.00000
                      }
                    }
                    osgAnimation::StackedTranslateElement {
                      UniqueID 657
                      Name "translate"
                      Translate 0.00000 0.00000 0.00000
                    }
                    osgAnimation::StackedQuaternionElement {
                      UniqueID 658
                      Name "quaternion"
                      Quaternion 0.00000 0.00000 0.00000 1.00000
                    }
                    osgAnimation::StackedScaleElement {
                      UniqueID 659
                      Name "scale"
                      Scale 1.00000 1.00000 1.00000
                    }
                  }
                }
              }
              Children 4 {
                osgAnimation::Bone {
                  UniqueID 660
                  Name "Bone.001"
                  DataVariance DYNAMIC
                  UpdateCallback TRUE {
                    osgAnimation::UpdateBone {
                      UniqueID 661
                      Name "Bone.001"
                      StackedTransforms 4 {
                        osgAnimation::StackedMatrixElement {
                          UniqueID 662
                          Name "bindmatrix"
                          Matrix {
                            1.00000 -0.00000 0.00000 0.00000
                            -0.00000 0.99987 0.01603 0.00000
                            -0.00000 -0.01603 0.99987 0.00000
                            -0.00000 1.22973 0.00000 1.00000
                          }
                        }
                        osgAnimation::StackedTranslateElement {
                          UniqueID 663
                          Name "translate"
                          Translate 0.00000 0.00000 0.00000
                        }
                        osgAnimation::StackedQuaternionElement {
                          UniqueID 664
                          Name "quaternion"
                          Quaternion 0.00000 0.00000 0.00000 1.00000
                        }
                        osgAnimation::StackedScaleElement {
                          UniqueID 665
                          Name "scale"
                          Scale 1.00000 1.00000 1.00000
                        }
                      }
                    }
                  }
                  Children 1 {
                    osgAnimation::Bone {
                      UniqueID 666
                      Name "Neck1"
                      DataVariance DYNAMIC
                      UpdateCallback TRUE {
                        osgAnimation::UpdateBone {
                          UniqueID 667
                          Name "Neck1"
                          StackedTransforms 4 {
                            osgAnimation::StackedMatrixElement {
                              UniqueID 668
                              Name "bindmatrix"
                              Matrix {
                                0.55637 0.02895 -0.83043 0.00000
                                -0.00000 0.99939 0.03484 0.00000
                                0.83094 -0.01939 0.55603 0.00000
                                -0.00000 1.27457 -0.00000 1.00000
                              }
                            }
                            osgAnimation::StackedTranslateElement {
                              UniqueID 669
                              Name "translate"
                              Translate 0.00000 0.00000 0.00000
                            }
                            osgAnimation::StackedQuaternionElement {
                              UniqueID 670
                              Name "quaternion"
                              Quaternion 0.00000 0.00000 0.00000 1.00000
                            }
                            osgAnimation::StackedScaleElement {
                              UniqueID 671
                              Name "scale"
                              Scale 1.00000 1.00000 1.00000
                            }
                          }
                        }
                      }
                      Children 1 {
                        osgAnimation::Bone {
                          UniqueID 672
                          Name "Neck2"
                          DataVariance DYNAMIC
                          UpdateCallback TRUE {
                            osgAnimation::UpdateBone {
                              UniqueID 673
                              Name "Neck2"
                              StackedTransforms 4 {
                                osgAnimation::StackedMatrixElement {
                                  UniqueID 674
                                  Name "bindmatrix"
                                  Matrix {
                                    0.55057 0.00166 0.83478 0.00000
                                    0.19328 0.97257 -0.12941 0.00000
                                    -0.81210 0.23259 0.53515 0.00000
                                    0.00000 0.39513 -0.00000 1.00000
                                  }
                                }
                                osgAnimation::StackedTranslateElement {
                                  UniqueID 675
                                  Name "translate"
                                  Translate 0.00000 0.00000 0.00000
                                }
                                osgAnimation::StackedQuaternionElement {
                                  UniqueID 676
                                  Name "quaternion"
                                  Quaternion 0.00000 0.00000 0.00000 1.00000
                                }
                                osgAnimation::StackedScaleElement {
                                  UniqueID 677
                                  Name "scale"
                                  Scale 1.00000 1.00000 1.00000
                                }
                              }
                            }
                          }
                          Children 1 {
                            osgAnimation::Bone {
                              UniqueID 678
                              Name "Neck3"
                              DataVariance DYNAMIC
                              UpdateCallback TRUE {
                                osgAnimation::UpdateBone {
                                  UniqueID 679
                                  Name "Neck3"
                                  StackedTransforms 4 {
                                    osgAnimation::StackedMatrixElement {
                                      UniqueID 680
                                      Name "bindmatrix"
                                      Matrix {
                                        0.99687 -0.00607 -0.07886 0.00000
                                        -0.00060 0.99644 -0.08430 0.00000
                                        0.07909 0.08409 0.99332 0.00000
                                        0.00000 0.41987 0.00000 1.00000
                                      }
                                    }
                                    osgAnimation::StackedTranslateElement {
                                      UniqueID 681
                                      Name "translate"
                                      Translate 0.00000 0.00000 0.00000
                                    }
                                    osgAnimation::StackedQuaternionElement {
                                      UniqueID 682
                                      Name "quaternion"
                                      Quaternion 0.00000 0.00000 0.00000 1.00000
                                    }
                                    osgAnimation::StackedScaleElement {
                                      UniqueID 683
                                      Name "scale"
                                      Scale 1.00000 1.00000 1.00000
                                    }
                                  }
                                }
                              }
                              Children 2 {
                                osgAnimation::Bone {
                                  UniqueID 684
                                  Name "Head"
                                  DataVariance DYNAMIC
                                  UpdateCallback TRUE {
                                    osgAnimation::UpdateBone {
                                      UniqueID 685
                                      Name "Head"
                                      StackedTransforms 4 {
                                        osgAnimation::StackedMatrixElement {
                                          UniqueID 686
                                          Name "bindmatrix"
                                          Matrix {
                                            0.99741 -0.00000 0.07198 0.00000
                                            -0.06598 0.39972 0.91426 0.00000
                                            -0.02877 -0.91664 0.39869 0.00000
                                            0.00000 0.54567 -0.00000 1.00000
                                          }
                                        }
                                        osgAnimation::StackedTranslateElement {
                                          UniqueID 687
                                          Name "translate"
                                          Translate 0.00000 0.00000 0.00000
                                        }
                                        osgAnimation::StackedQuaternionElement {
                                          UniqueID 688
                                          Name "quaternion"
                                          Quaternion 0.00000 0.00000 0.00000 1.00000
                                        }
                                        osgAnimation::StackedScaleElement {
                                          UniqueID 689
                                          Name "scale"
                                          Scale 1.00000 1.00000 1.00000
                                        }
                                      }
                                    }
                                  }
                                  Matrix {
                                    1.00000 0.00000 0.00000 0.00000
                                    0.00000 1.00000 0.00000 0.00000
                                    0.00000 0.00000 1.00000 0.00000
                                    0.00000 0.00000 0.00000 1.00000
                                  }
                                  InvBindMatrixInSkeletonSpace {
                                    1.00000 0.00000 -0.00000 -0.00000
                                    0.00000 -0.58485 0.81114 0.00000
                                    -0.00000 -0.81114 -0.58485 0.00000
                                    0.00000 1.12610 3.48504 1.00000
                                  }
                                }
                                osgAnimation::Bone {
                                  UniqueID 690
                                  Name "Jaw1"
                                  DataVariance DYNAMIC
                                  UpdateCallback TRUE {
                                    osgAnimation::UpdateBone {
                                      UniqueID 691
                                      Name "Jaw1"
                                      StackedTransforms 4 {
                                        osgAnimation::StackedMatrixElement {
                                          UniqueID 692
                                          Name "bindmatrix"
                                          Matrix {
                                            -0.99741 0.00000 -0.07198 0.00000
                                            -0.07110 -0.15607 0.98518 0.00000
                                            -0.01123 0.98775 0.15567 0.00000
                                            0.00000 0.54567 -0.00000 1.00000
                                          }
                                        }
                                        osgAnimation::StackedTranslateElement {
                                          UniqueID 693
                                          Name "translate"
                                          Translate 0.00000 0.00000 0.00000
                                        }
                                        osgAnimation::StackedQuaternionElement {
                                          UniqueID 694
                                          Name "quaternion"
                                          Quaternion 0.00000 0.00000 0.00000 1.00000
                                        }
                                        osgAnimation::StackedScaleElement {
                                          UniqueID 695
                                          Name "scale"
                                          Scale 1.00000 1.00000 1.00000
                                        }
                                      }
                                    }
                                  }
                                  Children 1 {
                                    osgAnimation::Bone {
                                      UniqueID 696
                                      Name "Jaw2"
                                      DataVariance DYNAMIC
                                      UpdateCallback TRUE {
                                        osgAnimation::UpdateBone {
                                          UniqueID 697
                                          Name "Jaw2"
                                          StackedTransforms 4 {
                                            osgAnimation::StackedMatrixElement {
                                              UniqueID 698
                                              Name "bindmatrix"
                                              Matrix {
                                                1.00000 -0.00000 -0.00000 0.00000
                                                0.00000 0.78614 0.61805 0.00000
                                                0.00000 -0.61805 0.78614 0.00000
                                                -0.00000 0.72363 0.00000 1.00000
                                              }
                                            }
                                            osgAnimation::StackedTranslateElement {
                                              UniqueID 699
                                              Name "translate"
                                              Translate 0.00000 0.00000 0.00000
                                            }
                                            osgAnimation::StackedQuaternionElement {
                                              UniqueID 700
                                              Name "quaternion"
                                              Quaternion 0.00000 0.00000 0.00000 1.00000
                                            }
                                            osgAnimation::StackedScaleElement {
                                              UniqueID 701
                                              Name "scale"
                                              Scale 1.00000 1.00000 1.00000
                                            }
                                          }
                                        }
                                      }
                                      Matrix {
                                        1.00000 0.00000 0.00000 0.00000
                                        0.00000 1.00000 0.00000 0.00000
                                        0.00000 0.00000 1.00000 0.00000
                                        0.00000 0.00000 0.00000 1.00000
                                      }
                                      InvBindMatrixInSkeletonSpace {
                                        -1.00000 0.00000 0.00000 -0.00000
                                        -0.00000 -0.66166 -0.74981 0.00000
                                        0.00000 -0.74981 0.66166 -0.00000
                                        -0.00000 0.20967 -3.13152 1.00000
                                      }
                                    }
                                  }
                                  Matrix {
                                    1.00000 0.00000 0.00000 0.00000
                                    0.00000 1.00000 0.00000 0.00000
                                    0.00000 0.00000 1.00000 0.00000
                                    0.00000 0.00000 0.00000 1.00000
                                  }
                                  InvBindMatrixInSkeletonSpace {
                                    -1.00000 0.00000 0.00000 -0.00000
                                    -0.00000 -0.05674 -0.99839 0.00000
                                    0.00000 -0.99839 0.05674 -0.00000
                                    -0.00000 2.82388 -2.33223 1.00000
                                  }
                                }
                              }
                              Matrix {
                                1.00000 0.00000 0.00000 0.00000
                                0.00000 1.00000 0.00000 0.00000
                                0.00000 0.00000 1.00000 0.00000
                                0.00000 0.00000 0.00000 1.00000
                              }
                              InvBindMatrixInSkeletonSpace {
                                0.99741 0.00000 0.07198 -0.00000
                                0.01525 -0.97730 -0.21131 0.00000
                                0.07035 0.21186 -0.97476 -0.00000
                                -0.17458 -2.19871 2.41898 1.00000
                              }
                            }
                          }
                          Matrix {
                            1.00000 0.00000 0.00000 0.00000
                            0.00000 1.00000 0.00000 0.00000
                            0.00000 0.00000 1.00000 0.00000
                            0.00000 0.00000 0.00000 1.00000
                          }
                          InvBindMatrixInSkeletonSpace {
                            0.99997 0.00000 -0.00715 -0.00000
                            -0.00092 -0.99168 -0.12871 0.00000
                            -0.00709 0.12872 -0.99166 -0.00000
                            0.01860 -1.56655 2.60194 1.00000
                          }
                        }
                      }
                      Matrix {
                        1.00000 0.00000 0.00000 0.00000
                        0.00000 1.00000 0.00000 0.00000
                        0.00000 0.00000 1.00000 0.00000
                        0.00000 0.00000 0.00000 1.00000
                      }
                      InvBindMatrixInSkeletonSpace {
                        0.55637 -0.00000 0.83094 -0.00000
                        -0.08765 -0.99442 0.05868 0.00000
                        0.82630 -0.10548 -0.55326 -0.00000
                        -2.40558 -0.52322 1.61069 1.00000
                      }
                    }
                  }
                  Matrix {
                    1.00000 0.00000 0.00000 0.00000
                    0.00000 1.00000 0.00000 0.00000
                    0.00000 0.00000 1.00000 0.00000
                    0.00000 0.00000 0.00000 1.00000
                  }
                  InvBindMatrixInSkeletonSpace {
                    1.00000 0.00000 -0.00000 -0.00000
                    0.00000 -0.99749 0.07076 0.00000
                    -0.00000 -0.07076 -0.99749 0.00000
                    0.00000 0.65079 2.87503 1.00000
                  }
                }
                osgAnimation::Bone {
                  UniqueID 702
                  Name "FrontShoulder_L"
                  DataVariance DYNAMIC
                  UpdateCallback TRUE {
                    osgAnimation::UpdateBone {
                      UniqueID 703
                      Name "FrontShoulder_L"
                      StackedTransforms 4 {
                        osgAnimation::StackedMatrixElement {
                          UniqueID 704
                          Name "bindmatrix"
                          Matrix {
                            0.99289 -0.11897 -0.00316 0.00000
                            0.05649 0.44782 0.89234 0.00000
                            -0.10474 -0.88617 0.45136 0.00000
                            0.42372 2.34500 -0.08232 1.00000
                          }
                        }
                        osgAnimation::StackedTranslateElement {
                          UniqueID 705
                          Name "translate"
                          Translate 0.00000 0.00000 0.00000
                        }
                        osgAnimation::StackedQuaternionElement {
                          UniqueID 706
                          Name "quaternion"
                          Quaternion 0.00000 0.00000 0.00000 1.00000
                        }
                        osgAnimation::StackedScaleElement {
                          UniqueID 707
                          Name "scale"
                          Scale 1.00000 1.00000 1.00000
                        }
                      }
                    }
                  }
                  Children 1 {
                    osgAnimation::Bone {
                      UniqueID 708
                      Name "FrontLeg1_L"
                      DataVariance DYNAMIC
                      UpdateCallback TRUE {
                        osgAnimation::UpdateBone {
                          UniqueID 709
                          Name "FrontLeg1_L"
                          StackedTransforms 4 {
                            osgAnimation::StackedMatrixElement {
                              UniqueID 710
                              Name "bindmatrix"
                              Matrix {
                                0.98626 0.13664 -0.09286 0.00000
                                -0.01704 0.64323 0.76548 0.00000
                                0.16433 -0.75338 0.63672 0.00000
                                -0.00000 0.69985 0.00000 1.00000
                              }
                            }
                            osgAnimation::StackedTranslateElement {
                              UniqueID 711
                              Name "translate"
                              Translate 0.00000 0.00000 0.00000
                            }
                            osgAnimation::StackedQuaternionElement {
                              UniqueID 712
                              Name "quaternion"
                              Quaternion 0.00000 0.00000 0.00000 1.00000
                            }
                            osgAnimation::StackedScaleElement {
                              UniqueID 713
                              Name "scale"
                              Scale 1.00000 1.00000 1.00000
                            }
                          }
                        }
                      }
                      Children 1 {
                        osgAnimation::Bone {
                          UniqueID 714
                          Name "FrontLeg2_L"
                          DataVariance DYNAMIC
                          UpdateCallback TRUE {
                            osgAnimation::UpdateBone {
                              UniqueID 715
                              Name "FrontLeg2_L"
                              StackedTransforms 4 {
                                osgAnimation::StackedMatrixElement {
                                  UniqueID 716
                                  Name "bindmatrix"
                                  Matrix {
                                    0.99566 0.00662 -0.09283 0.00000
                                    -0.04669 0.89835 -0.43679 0.00000
                                    0.08050 0.43923 0.89476 0.00000
                                    0.00000 1.19791 -0.00000 1.00000
                                  }
                                }
                                osgAnimation::StackedTranslateElement {
                                  UniqueID 717
                                  Name "translate"
                                  Translate 0.00000 0.00000 0.00000
                                }
                                osgAnimation::StackedQuaternionElement {
                                  UniqueID 718
                                  Name "quaternion"
                                  Quaternion 0.00000 0.00000 0.00000 1.00000
                                }
                                osgAnimation::StackedScaleElement {
                                  UniqueID 719
                                  Name "scale"
                                  Scale 1.00000 1.00000 1.00000
                                }
                              }
                            }
                          }
                          Children 1 {
                            osgAnimation::Bone {
                              UniqueID 720
                              Name "FrontLeg3_L"
                              DataVariance DYNAMIC
                              UpdateCallback TRUE {
                                osgAnimation::UpdateBone {
                                  UniqueID 721
                                  Name "FrontLeg3_L"
                                  StackedTransforms 4 {
                                    osgAnimation::StackedMatrixElement {
                                      UniqueID 722
                                      Name "bindmatrix"
                                      Matrix {
                                        0.96578 -0.18495 0.18185 0.00000
                                        0.25664 0.57976 -0.77331 0.00000
                                        0.03759 0.79352 0.60739 0.00000
                                        0.00000 0.90289 -0.00000 1.00000
                                      }
                                    }
                                    osgAnimation::StackedTranslateElement {
                                      UniqueID 723
                                      Name "translate"
                                      Translate 0.00000 0.00000 0.00000
                                    }
                                    osgAnimation::StackedQuaternionElement {
                                      UniqueID 724
                                      Name "quaternion"
                                      Quaternion 0.00000 0.00000 0.00000 1.00000
                                    }
                                    osgAnimation::StackedScaleElement {
                                      UniqueID 725
                                      Name "scale"
                                      Scale 1.00000 1.00000 1.00000
                                    }
                                  }
                                }
                              }
                              Children 1 {
                                osgAnimation::Bone {
                                  UniqueID 726
                                  Name "FrontToe_L"
                                  DataVariance DYNAMIC
                                  UpdateCallback TRUE {
                                    osgAnimation::UpdateBone {
                                      UniqueID 727
                                      Name "FrontToe_L"
                                      StackedTransforms 4 {
                                        osgAnimation::StackedMatrixElement {
                                          UniqueID 728
                                          Name "bindmatrix"
                                          Matrix {
                                            0.99665 -0.03312 0.07474 0.00000
                                            0.06578 0.86776 -0.49260 0.00000
                                            -0.04854 0.49587 0.86704 0.00000
                                            -0.00000 0.28661 -0.00000 1.00000
                                          }
                                        }
                                        osgAnimation::StackedTranslateElement {
                                          UniqueID 729
                                          Name "translate"
                                          Translate 0.00000 0.00000 0.00000
                                        }
                                        osgAnimation::StackedQuaternionElement {
                                          UniqueID 730
                                          Name "quaternion"
                                          Quaternion 0.00000 0.00000 0.00000 1.00000
                                        }
                                        osgAnimation::StackedScaleElement {
                                          UniqueID 731
                                          Name "scale"
                                          Scale 1.00000 1.00000 1.00000
                                        }
                                      }
                                    }
                                  }
                                  Matrix {
                                    1.00000 0.00000 0.00000 0.00000
                                    0.00000 1.00000 0.00000 0.00000
                                    0.00000 0.00000 1.00000 0.00000
                                    0.00000 0.00000 0.00000 1.00000
                                  }
                                  InvBindMatrixInSkeletonSpace {
                                    0.98803 0.15421 0.00244 -0.00000
                                    0.15272 -0.98045 0.12405 0.00000
                                    0.02153 -0.12219 -0.99227 -0.00000
                                    -0.20722 -0.66825 0.23139 1.00000
                                  }
                                }
                              }
                              Matrix {
                                1.00000 0.00000 0.00000 0.00000
                                0.00000 1.00000 0.00000 0.00000
                                0.00000 0.00000 1.00000 0.00000
                                0.00000 0.00000 0.00000 1.00000
                              }
                              InvBindMatrixInSkeletonSpace {
                                0.99475 0.10231 -0.00000 -0.00000
                                0.08170 -0.79435 0.60194 0.00000
                                0.06158 -0.59878 -0.79854 -0.00000
                                -0.26172 -0.17167 0.51432 1.00000
                              }
                            }
                          }
                          Matrix {
                            1.00000 0.00000 0.00000 0.00000
                            0.00000 1.00000 0.00000 0.00000
                            0.00000 0.00000 1.00000 0.00000
                            0.00000 0.00000 0.00000 1.00000
                          }
                          InvBindMatrixInSkeletonSpace {
                            0.98696 -0.12467 0.10178 -0.00000
                            -0.10233 0.00201 0.99475 0.00000
                            -0.12422 -0.99220 -0.01078 -0.00000
                            -0.27749 1.25989 0.39755 1.00000
                          }
                        }
                      }
                      Matrix {
                        1.00000 0.00000 0.00000 0.00000
                        0.00000 1.00000 0.00000 0.00000
                        0.00000 0.00000 1.00000 0.00000
                        0.00000 0.00000 0.00000 1.00000
                      }
                      InvBindMatrixInSkeletonSpace {
                        0.99670 -0.06076 0.05391 -0.00000
                        -0.02190 0.43805 0.89868 0.00000
                        -0.07822 -0.89690 0.43527 -0.00000
                        -0.30310 2.50251 -0.16883 1.00000
                      }
                    }
                  }
                  Matrix {
                    1.00000 0.00000 0.00000 0.00000
                    0.00000 1.00000 0.00000 0.00000
                    0.00000 0.00000 1.00000 0.00000
                    0.00000 0.00000 0.00000 1.00000
                  }
                  InvBindMatrixInSkeletonSpace {
                    0.99289 0.05649 -0.10474 -0.00000
                    0.11862 -0.39828 0.90956 0.00000
                    0.00967 -0.91552 -0.40215 -0.00000
                    -0.36932 2.39532 1.83628 1.00000
                  }
                }
                osgAnimation::Bone {
                  UniqueID 732
                  Name "FrontShoulder_R"
                  DataVariance DYNAMIC
                  UpdateCallback TRUE {
                    osgAnimation::UpdateBone {
                      UniqueID 733
                      Name "FrontShoulder_R"
                      StackedTransforms 4 {
                        osgAnimation::StackedMatrixElement {
                          UniqueID 734
                          Name "bindmatrix"
                          Matrix {
                            0.99289 0.11897 0.00316 0.00000
                            -0.05649 0.44782 0.89234 0.00000
                            0.10474 -0.88617 0.45136 0.00000
                            -0.42372 2.34500 -0.08232 1.00000
                          }
                        }
                        osgAnimation::StackedTranslateElement {
                          UniqueID 735
                          Name "translate"
                          Translate 0.00000 0.00000 0.00000
                        }
                        osgAnimation::StackedQuaternionElement {
                          UniqueID 736
                          Name "quaternion"
                          Quaternion 0.00000 0.00000 0.00000 1.00000
                        }
                        osgAnimation::StackedScaleElement {
                          UniqueID 737
                          Name "scale"
                          Scale 1.00000 1.00000 1.00000
                        }
                      }
                    }
                  }
                  Children 1 {
                    osgAnimation::Bone {
                      UniqueID 738
                      Name "FrontLeg1_R"
                      DataVariance DYNAMIC
                      UpdateCallback TRUE {
                        osgAnimation::UpdateBone {
                          UniqueID 739
                          Name "FrontLeg1_R"
                          StackedTransforms 4 {
                            osgAnimation::StackedMatrixElement {
                              UniqueID 740
                              Name "bindmatrix"
                              Matrix {
                                0.98626 -0.13664 0.09286 0.00000
                                0.01704 0.64323 0.76548 0.00000
                                -0.16433 -0.75338 0.63672 0.00000
                                -0.00000 0.69985 0.00000 1.00000
                              }
                            }
                            osgAnimation::StackedTranslateElement {
                              UniqueID 741
                              Name "translate"
                              Translate 0.00000 0.00000 0.00000
                            }
                            osgAnimation::StackedQuaternionElement {
                              UniqueID 742
                              Name "quaternion"
                              Quaternion 0.00000 0.00000 0.00000 1.00000
                            }
                            osgAnimation::StackedScaleElement {
                              UniqueID 743
                              Name "scale"
                              Scale 1.00000 1.00000 1.00000
                            }
                          }
                        }
                      }
                      Children 1 {
                        osgAnimation::Bone {
                          UniqueID 744
                          Name "FrontLeg2_R"
                          DataVariance DYNAMIC
                          UpdateCallback TRUE {
                            osgAnimation::UpdateBone {
                              UniqueID 745
                              Name "FrontLeg2_R"
                              StackedTransforms 4 {
                                osgAnimation::StackedMatrixElement {
                                  UniqueID 746
                                  Name "bindmatrix"
                                  Matrix {
                                    0.99566 -0.00662 0.09283 0.00000
                                    0.04669 0.89835 -0.43679 0.00000
                                    -0.08050 0.43923 0.89476 0.00000
                                    0.00000 1.19791 0.00000 1.00000
                                  }
                                }
                                osgAnimation::StackedTranslateElement {
                                  UniqueID 747
                                  Name "translate"
                                  Translate 0.00000 0.00000 0.00000
                                }
                                osgAnimation::StackedQuaternionElement {
                                  UniqueID 748
                                  Name "quaternion"
